total,reconstruction,kl,contrastive,mse_proteomics,mse_metabolomics,mse_drugresponse,mse_crisprcas9,mse_methylation,mse_transcriptomics,cv,epoch,type,lr
7.579672336578369,6.518752098083496,0.016108708456158638,1.0448116064071655,1.0950225591659546,1.1400460004806519,1.0692024230957031,1.0810595750808716,1.0495580434799194,1.0838634967803955,1,1,train,0.001
8.398574829101562,7.002026081085205,0.4476659893989563,0.9488821029663086,1.1124080419540405,1.1679869890213013,1.10354483127594,1.296834111213684,1.1887731552124023,1.1324790716171265,1,1,train,0.001
11.575743675231934,9.689592361450195,0.40964949131011963,1.476501703262329,1.2338190078735352,0.9635594487190247,1.0228092670440674,2.4205451011657715,1.9768420457839966,2.0720176696777344,1,1,train,0.001
7.271453380584717,6.148612976074219,0.11011404544115067,1.0127261877059937,0.9935201406478882,1.0401320457458496,0.9333383440971375,1.0412299633026123,1.0939619541168213,1.0464307069778442,1,1,train,0.001
7.321453094482422,6.228846073150635,0.15011614561080933,0.9424908757209778,0.9726023077964783,1.022438645362854,1.0907928943634033,1.178747534751892,0.9714164137840271,0.9928484559059143,1,1,train,0.001
7.886922836303711,6.519464492797852,0.22474905848503113,1.1427090167999268,0.9290726780891418,1.0541757345199585,1.0773338079452515,1.1603901386260986,1.1711013317108154,1.127390742301941,1,1,train,0.001
7.157537460327148,6.247467041015625,0.1017611175775528,0.8083091974258423,0.9414815306663513,0.9743853807449341,1.0478906631469727,1.1520030498504639,1.1319082975387573,0.9997978210449219,1,1,train,0.001
7.369245529174805,6.033731460571289,0.10996788740158081,1.2255462408065796,1.0062249898910522,0.8948937654495239,0.9781332015991211,1.160428762435913,0.9462326765060425,1.0478184223175049,1,1,val,0.001
7.355140209197998,6.1713762283325195,0.1070866659283638,1.0766772031784058,0.9746438264846802,1.0174680948257446,0.9694856405258179,1.1917083263397217,0.9643096923828125,1.0537606477737427,1,1,val,0.001
7.4528703689575195,6.203642845153809,0.10778219997882843,1.1414450407028198,0.9473719000816345,0.9874244928359985,0.962975263595581,1.2449254989624023,0.9801473021507263,1.0807980298995972,1,1,val,0.001
6.90633487701416,5.977694034576416,0.08953806757926941,0.8391027450561523,1.0019125938415527,0.9884938597679138,0.8912379145622253,1.184123158454895,0.9249997735023499,0.9869267344474792,1,1,val,0.001
7.490981578826904,6.248974800109863,0.13476449251174927,1.1072419881820679,0.9139228463172913,0.9713567495346069,1.0541919469833374,1.306575059890747,0.9794977903366089,1.0234296321868896,1,2,train,0.001
6.787364959716797,5.8090739250183105,0.13443496823310852,0.8438560366630554,0.9056522846221924,1.0968103408813477,1.0307165384292603,1.0647104978561401,0.8430452942848206,0.8681387305259705,1,2,train,0.001
6.507547855377197,5.480573654174805,0.14471390843391418,0.8822601437568665,0.8459488153457642,0.9835986495018005,0.9018688201904297,1.0064144134521484,0.876379668712616,0.8663632869720459,1,2,train,0.001
6.473357200622559,5.388528823852539,0.17865285277366638,0.906175434589386,0.8413997292518616,1.0231010913848877,0.8570218682289124,0.9700192213058472,0.8471436500549316,0.8498435616493225,1,2,train,0.001
6.5095391273498535,5.424348831176758,0.2533944249153137,0.8317955136299133,0.8496849536895752,0.9584276080131531,0.9395333528518677,0.9277387261390686,0.8661051988601685,0.8828591108322144,1,2,train,0.001
6.254032135009766,5.195303916931152,0.24010108411312103,0.8186271786689758,0.7980653643608093,0.952251136302948,0.8253989219665527,0.9550000429153442,0.8138560652732849,0.850732147693634,1,2,train,0.001
6.664600372314453,5.761283874511719,0.17148512601852417,0.7318317294120789,0.9053774476051331,1.0297131538391113,1.0621609687805176,1.0576187372207642,0.8859517574310303,0.8204622268676758,1,2,train,0.001
6.235996246337891,5.208859443664551,0.12126035988330841,0.9058764576911926,0.8578740358352661,0.8719215989112854,0.8993338942527771,0.9366763234138489,0.8011309504508972,0.8419227600097656,1,2,val,0.001
6.222794532775879,5.249608039855957,0.1280497908592224,0.8451366424560547,0.8149769902229309,0.9876183867454529,0.8756869435310364,0.9326680898666382,0.7936150431632996,0.8450426459312439,1,2,val,0.001
6.226108551025391,5.263402462005615,0.1216224655508995,0.8410834670066833,0.8024986982345581,0.9650033712387085,0.8412073850631714,0.9615000486373901,0.8311797380447388,0.8620134592056274,1,2,val,0.001
6.020727157592773,5.238160610198975,0.09483819454908371,0.6877283453941345,0.8320533037185669,0.9751130938529968,0.8331002593040466,1.0097460746765137,0.7890804409980774,0.7990673780441284,1,2,val,0.001
6.280272006988525,5.329116344451904,0.14415311813354492,0.8070023655891418,0.767244815826416,1.082363486289978,0.9178110361099243,0.9206780195236206,0.7838674783706665,0.8571516871452332,1,3,train,0.001
5.798041820526123,4.852856636047363,0.1252956986427307,0.819889485836029,0.7105240821838379,0.9344787001609802,0.783996045589447,0.9270341396331787,0.74443519115448,0.7523882985115051,1,3,train,0.001
5.971259117126465,4.970211982727051,0.1348828226327896,0.8661642074584961,0.7169427871704102,0.9171928763389587,0.85482257604599,0.91330486536026,0.7701347470283508,0.7978140115737915,1,3,train,0.001
5.696647644042969,4.788519859313965,0.12113450467586517,0.7869933247566223,0.7272197604179382,0.9731827974319458,0.7922173142433167,0.8492057919502258,0.6979420781135559,0.7487518787384033,1,3,train,0.001
5.62022066116333,4.662447452545166,0.1157819926738739,0.8419915437698364,0.7199298739433289,0.9147605895996094,0.7748885750770569,0.8636484146118164,0.671968936920166,0.7172510623931885,1,3,train,0.001
5.817262649536133,4.846616744995117,0.12070709466934204,0.8499388694763184,0.7182870507240295,0.9420444965362549,0.8386456370353699,0.8569884896278381,0.7403228878974915,0.750328004360199,1,3,train,0.001
5.689769744873047,4.792144775390625,0.12514016032218933,0.7724848985671997,0.7119734287261963,0.9065647125244141,0.8364107012748718,0.9415917992591858,0.70839524269104,0.687208890914917,1,3,train,0.001
5.877536296844482,4.908592224121094,0.10287085920572281,0.866072952747345,0.7823763489723206,0.8404045104980469,0.8230653405189514,0.8994065523147583,0.7543083429336548,0.8090316653251648,1,3,val,0.001
5.910487174987793,4.97985315322876,0.10469015687704086,0.8259441256523132,0.7395310997962952,0.9542673230171204,0.8033360838890076,0.9012392163276672,0.7636502385139465,0.8178291320800781,1,3,val,0.001
5.892645359039307,4.975597381591797,0.10413984209299088,0.8129081130027771,0.7412694692611694,0.9345271587371826,0.7696686387062073,0.9275036454200745,0.7791023850440979,0.8235259652137756,1,3,val,0.001
5.751190662384033,4.991840839385986,0.08022092282772064,0.6791293025016785,0.7471814155578613,0.9617528319358826,0.7902777194976807,0.9682602286338806,0.7548378109931946,0.7695305943489075,1,3,val,0.001
5.535676002502441,4.585709095001221,0.1190810352563858,0.8308860659599304,0.6681469678878784,0.9219101667404175,0.780434250831604,0.8390418291091919,0.6668450832366943,0.7093309760093689,1,4,train,0.001
5.604497909545898,4.66000509262085,0.12388156354427338,0.8206115961074829,0.6572003960609436,0.9459952712059021,0.7505990266799927,0.8237106800079346,0.7346097230911255,0.7478899955749512,1,4,train,0.001
5.309443950653076,4.404238700866699,0.11310873180627823,0.7920967936515808,0.6566919684410095,0.8862924575805664,0.7049751281738281,0.8217285871505737,0.631940484046936,0.7026099562644958,1,4,train,0.001
5.397088050842285,4.503016471862793,0.10847899317741394,0.7855924367904663,0.6426300406455994,0.913249671459198,0.7455196380615234,0.855439305305481,0.6345428228378296,0.7116351127624512,1,4,train,0.001
5.4577741622924805,4.554799556732178,0.11501505970954895,0.7879597544670105,0.6508539319038391,0.8890361785888672,0.7376647591590881,0.875090479850769,0.670590877532959,0.7315636873245239,1,4,train,0.001
5.320132255554199,4.352236747741699,0.11915713548660278,0.8487383127212524,0.6175975203514099,0.8853195905685425,0.6815377473831177,0.8465761542320251,0.6452808976173401,0.67592453956604,1,4,train,0.001
5.191308498382568,4.36349630355835,0.09331171214580536,0.734500527381897,0.6402512192726135,0.8814093470573425,0.6437259316444397,0.8088598847389221,0.6961089372634888,0.6931411027908325,1,4,train,0.001
5.665821075439453,4.726388931274414,0.08782515674829483,0.8516069650650024,0.7610430121421814,0.8319458961486816,0.7912570834159851,0.8819250464439392,0.7050345540046692,0.7551833391189575,1,4,val,0.001
5.7207183837890625,4.80468225479126,0.09613630175590515,0.8199002146720886,0.7238329648971558,0.9462445378303528,0.7602206468582153,0.883783757686615,0.7264474630355835,0.7641525864601135,1,4,val,0.001
5.666996479034424,4.78519344329834,0.09228349477052689,0.7895192503929138,0.7146262526512146,0.9200229644775391,0.7476611137390137,0.9121212959289551,0.7247282862663269,0.7660335898399353,1,4,val,0.001
5.5953826904296875,4.852783203125,0.0676654577255249,0.6749337911605835,0.7316516637802124,0.9545783400535583,0.7660518288612366,0.9576218724250793,0.719025731086731,0.7238540053367615,1,4,val,0.001
5.229849338531494,4.346170425415039,0.10288037359714508,0.7807983756065369,0.5871365070343018,0.9309894442558289,0.6740745902061462,0.8384826183319092,0.6392924189567566,0.6761948466300964,1,5,train,0.001
5.246388912200928,4.265040397644043,0.12320201843976974,0.8581464886665344,0.6264336109161377,0.8275484442710876,0.6752393245697021,0.8311785459518433,0.6405022740364075,0.6641378998756409,1,5,train,0.001
5.26432991027832,4.326308250427246,0.11406053602695465,0.8239614367485046,0.6204286217689514,0.87270587682724,0.7166031002998352,0.7937964200973511,0.6478475332260132,0.6749268174171448,1,5,train,0.001
5.154750823974609,4.189506530761719,0.11872028559446335,0.8465243577957153,0.5935258865356445,0.8659963607788086,0.6477178931236267,0.8178114891052246,0.6189985871315002,0.6454564929008484,1,5,train,0.001
5.172845840454102,4.248032093048096,0.11884375661611557,0.8059703707695007,0.6127246022224426,0.8720148801803589,0.7011553049087524,0.7818071842193604,0.6244097352027893,0.6559202075004578,1,5,train,0.001
5.242889881134033,4.234160900115967,0.1183880865573883,0.8903406262397766,0.6116153597831726,0.8534278869628906,0.6924560070037842,0.7982422709465027,0.580621600151062,0.6977976560592651,1,5,train,0.001
5.12645149230957,4.225796222686768,0.1142299696803093,0.7864251732826233,0.5988062620162964,0.9136030673980713,0.6622804403305054,0.7902148962020874,0.5636095404624939,0.6972818970680237,1,5,train,0.001
5.651952266693115,4.675492763519287,0.1166466772556305,0.8598129153251648,0.7534025311470032,0.8277590274810791,0.7835008502006531,0.8772467374801636,0.6920667290687561,0.7415171265602112,1,5,val,0.001
5.697921276092529,4.7554097175598145,0.125591441988945,0.8169202208518982,0.7295395731925964,0.92735755443573,0.7509671449661255,0.880921483039856,0.7109419703483582,0.7556822896003723,1,5,val,0.001
5.623018264770508,4.712632179260254,0.11919743567705154,0.791188657283783,0.705915629863739,0.9086858034133911,0.7393143773078918,0.9054670929908752,0.7038377523422241,0.7494113445281982,1,5,val,0.001
5.5635857582092285,4.834190845489502,0.09493508189916611,0.6344600915908813,0.7319197654724121,0.946609377861023,0.7891131043434143,0.9488443732261658,0.6978335976600647,0.7198706865310669,1,5,val,0.001
5.075144290924072,4.168431282043457,0.1255912184715271,0.7811219096183777,0.5773781538009644,0.9009248614311218,0.6463878154754639,0.790620744228363,0.6039221882820129,0.6491975784301758,1,6,train,0.001
4.884434700012207,3.9695968627929688,0.12611275911331177,0.7887247204780579,0.573401927947998,0.8126186728477478,0.671036422252655,0.744875431060791,0.5536320805549622,0.6140322685241699,1,6,train,0.001
5.010830402374268,4.039173126220703,0.1376945674419403,0.8339630365371704,0.5738550424575806,0.7984637022018433,0.6419949531555176,0.776018500328064,0.6021944880485535,0.6466463208198547,1,6,train,0.001
5.028684139251709,4.061222553253174,0.12772159278392792,0.8397396206855774,0.587116003036499,0.8223970532417297,0.6606718301773071,0.7783264517784119,0.5985284447669983,0.6141830682754517,1,6,train,0.001
5.039581298828125,4.049966335296631,0.1379234939813614,0.8516912460327148,0.5572962760925293,0.8536032438278198,0.611306369304657,0.7902429103851318,0.5816426277160645,0.6558747887611389,1,6,train,0.001
5.015758991241455,4.03904914855957,0.11149122565984726,0.8652186393737793,0.5827771425247192,0.8216072916984558,0.656620979309082,0.7634778618812561,0.567032516002655,0.6475332379341125,1,6,train,0.001
4.976565837860107,4.150753974914551,0.11042710393667221,0.7153849601745605,0.5732209086418152,0.8039547801017761,0.7089491486549377,0.7986046671867371,0.5964068174362183,0.6696176528930664,1,6,train,0.001
5.478505611419678,4.519277095794678,0.10399655252695084,0.8552317023277283,0.7071756720542908,0.8216238617897034,0.7552464604377747,0.8657443523406982,0.656619131565094,0.7128676176071167,1,6,val,0.001
5.49249267578125,4.592909336090088,0.10335172712802887,0.7962318658828735,0.6919964551925659,0.9051777720451355,0.7187801003456116,0.8703956604003906,0.6821420788764954,0.7244174480438232,1,6,val,0.001
5.455422878265381,4.567714691162109,0.1016199067234993,0.7860883474349976,0.6786134243011475,0.8955172896385193,0.7037200331687927,0.8937278389930725,0.6755861639976501,0.720550000667572,1,6,val,0.001
5.40860652923584,4.677511692047119,0.08409987390041351,0.6469952464103699,0.6960064172744751,0.9289922118186951,0.7521225810050964,0.9407045245170593,0.6694242358207703,0.6902614235877991,1,6,val,0.001
4.741502285003662,3.8468451499938965,0.11135132610797882,0.7833060622215271,0.5222490429878235,0.8254673480987549,0.6566928625106812,0.7223794460296631,0.5302181243896484,0.5898383855819702,1,7,train,0.001
4.740143299102783,3.814746856689453,0.11032136529684067,0.8150753378868103,0.5353834629058838,0.7686825394630432,0.6155396103858948,0.7434642314910889,0.5420631766319275,0.6096140146255493,1,7,train,0.001
4.781482219696045,3.904529571533203,0.10964574664831161,0.7673066258430481,0.5292096734046936,0.799974799156189,0.621411919593811,0.7581438422203064,0.5767369866371155,0.6190522909164429,1,7,train,0.001
4.66583251953125,3.8424010276794434,0.09468962252140045,0.7287421226501465,0.5460741519927979,0.7676634192466736,0.6079096794128418,0.7639084458351135,0.5420222878456116,0.6148232221603394,1,7,train,0.001
4.874283313751221,3.9574825763702393,0.11894317716360092,0.7978577017784119,0.5418370366096497,0.8683580756187439,0.6148391366004944,0.719086766242981,0.5662669539451599,0.6470945477485657,1,7,train,0.001
4.875794887542725,3.930638313293457,0.11890418827533722,0.8262524008750916,0.5629585385322571,0.7732705473899841,0.6023166179656982,0.7723283767700195,0.5813639163970947,0.6384003162384033,1,7,train,0.001
4.843713283538818,4.030606746673584,0.11427704989910126,0.6988296508789062,0.5579904317855835,0.7660775184631348,0.65521639585495,0.7715227007865906,0.6305816173553467,0.6492180824279785,1,7,train,0.001
5.462334156036377,4.510684013366699,0.10064135491847992,0.8510090708732605,0.7230899333953857,0.8101154565811157,0.7214599847793579,0.8638385534286499,0.6725501418113708,0.7196299433708191,1,7,val,0.001
5.486380577087402,4.581270217895508,0.10274480283260345,0.8023658990859985,0.7035356760025024,0.8931172490119934,0.7015722393989563,0.8680515885353088,0.6929715871810913,0.722022294998169,1,7,val,0.001
5.441567420959473,4.549873352050781,0.09952327609062195,0.7921711802482605,0.6814428567886353,0.889536440372467,0.6784455180168152,0.8928284049034119,0.6883698105812073,0.719249963760376,1,7,val,0.001
5.356472492218018,4.65208625793457,0.08048708736896515,0.6238989233970642,0.7175805568695068,0.9250806570053101,0.7051102519035339,0.9239840507507324,0.676277220249176,0.7040536403656006,1,7,val,0.001
4.705679416656494,3.7982258796691895,0.11729767173528671,0.7901560664176941,0.5308722853660583,0.7649571895599365,0.5889904499053955,0.7240353226661682,0.5792298316955566,0.610140860080719,1,8,train,0.001
4.576454162597656,3.7616076469421387,0.10902371257543564,0.7058224678039551,0.5155470967292786,0.7631880640983582,0.5809439420700073,0.7157645225524902,0.5524990558624268,0.6336647272109985,1,8,train,0.001
4.817292213439941,3.823916435241699,0.11921337246894836,0.8741621971130371,0.5163539052009583,0.8008521795272827,0.6143501996994019,0.7293347120285034,0.5499675869941711,0.6130579113960266,1,8,train,0.001
4.529449462890625,3.6832714080810547,0.11039705574512482,0.7357808947563171,0.49922436475753784,0.7577736377716064,0.5862366557121277,0.7168912291526794,0.5248881578445435,0.5982570648193359,1,8,train,0.001
4.770781517028809,3.830988883972168,0.11226701736450195,0.8275257349014282,0.5396522283554077,0.728087842464447,0.6374263763427734,0.7453655004501343,0.5575326085090637,0.6229246258735657,1,8,train,0.001
4.7569451332092285,3.817594051361084,0.11026733368635178,0.8290837407112122,0.530728280544281,0.7902214527130127,0.5808733105659485,0.7516469955444336,0.5632625222206116,0.6008614897727966,1,8,train,0.001
4.644104480743408,3.814992904663086,0.12182991951704025,0.707281768321991,0.5363074541091919,0.7905426025390625,0.5893484354019165,0.714960515499115,0.5721344947814941,0.6116992831230164,1,8,train,0.001
5.3297319412231445,4.3801984786987305,0.10176026076078415,0.8477731943130493,0.7023134827613831,0.7748071551322937,0.6950604319572449,0.8570588231086731,0.6539062261581421,0.6970522403717041,1,8,val,0.001
5.3829731941223145,4.481247425079346,0.10216162353754044,0.7995641827583313,0.6802737712860107,0.870864748954773,0.6889775991439819,0.8570112586021423,0.6790233850479126,0.7050966620445251,1,8,val,0.001
5.342150688171387,4.4506144523620605,0.10267377644777298,0.7888622879981995,0.6685612201690674,0.8613675832748413,0.6639577150344849,0.8790222406387329,0.6681874990463257,0.7095179557800293,1,8,val,0.001
5.2844648361206055,4.563052177429199,0.08405444025993347,0.6373580694198608,0.6960923075675964,0.8935443162918091,0.7080215215682983,0.9211885929107666,0.671139657497406,0.6730657815933228,1,8,val,0.001
4.548809051513672,3.6533007621765137,0.10985131561756134,0.7856569290161133,0.5288787484169006,0.74709552526474,0.5746785402297974,0.717933714389801,0.5115682482719421,0.5731459259986877,1,9,train,0.001
4.484597206115723,3.5565102100372314,0.12749992311000824,0.800586998462677,0.48521578311920166,0.7565857172012329,0.5663925409317017,0.6522690057754517,0.5173977017402649,0.5786494612693787,1,9,train,0.001
4.548619747161865,3.6098201274871826,0.11507642269134521,0.8237231373786926,0.4815691411495209,0.702808678150177,0.5628699064254761,0.7316763997077942,0.5427761673927307,0.5881199240684509,1,9,train,0.001
4.606812953948975,3.6587705612182617,0.10760360956192017,0.840438961982727,0.4968058168888092,0.7679376006126404,0.5754382014274597,0.698829710483551,0.5258743166923523,0.5938848257064819,1,9,train,0.001
4.515450954437256,3.616304874420166,0.10294147580862045,0.7962045669555664,0.49496403336524963,0.7448807954788208,0.5907862782478333,0.6868153810501099,0.5255609750747681,0.5732975602149963,1,9,train,0.001
4.645928859710693,3.7773659229278564,0.09592150151729584,0.7726412415504456,0.5180280208587646,0.7697833180427551,0.5821309089660645,0.7591953277587891,0.5413818359375,0.6068465709686279,1,9,train,0.001
4.4824018478393555,3.6043694019317627,0.11021223664283752,0.7678200602531433,0.5127888321876526,0.6906391382217407,0.5568003058433533,0.6659306287765503,0.5709501504898071,0.6072604060173035,1,9,train,0.001
5.2561469078063965,4.323000907897949,0.09652341902256012,0.8366228342056274,0.6900038123130798,0.7627193331718445,0.7050927877426147,0.8426457643508911,0.6391546130180359,0.6833845973014832,1,9,val,0.001
5.292497158050537,4.391676425933838,0.09954864531755447,0.8012718558311462,0.6711539030075073,0.843183696269989,0.6885388493537903,0.8459084630012512,0.6560468673706055,0.6868447065353394,1,9,val,0.001
5.255876064300537,4.377376079559326,0.09511007368564606,0.7833899855613708,0.6596725583076477,0.8506954908370972,0.6568061113357544,0.8676953315734863,0.6495736837387085,0.692932665348053,1,9,val,0.001
5.222142219543457,4.470930576324463,0.08377256244421005,0.6674389243125916,0.6817885637283325,0.8868458867073059,0.6939322352409363,0.9038192629814148,0.6460400223731995,0.6585046052932739,1,9,val,0.001
4.43806266784668,3.549297332763672,0.1142401248216629,0.7745253443717957,0.4575584828853607,0.7554497718811035,0.5695472955703735,0.6746314167976379,0.524796187877655,0.567314088344574,1,10,train,0.001
4.39726448059082,3.450752019882202,0.13123832643032074,0.8152740597724915,0.47490715980529785,0.6844659447669983,0.5313919186592102,0.69930499792099,0.5044716000556946,0.5562105178833008,1,10,train,0.001
4.59023904800415,3.4880175590515137,0.11815010756254196,0.9840713739395142,0.47956597805023193,0.7257420420646667,0.5367404222488403,0.694623589515686,0.4851287305355072,0.5662168860435486,1,10,train,0.001
4.528785705566406,3.611003875732422,0.14589320123195648,0.7718888521194458,0.48912835121154785,0.7244450449943542,0.5751990079879761,0.7310361862182617,0.5097097754478455,0.581485390663147,1,10,train,0.001
4.555269718170166,3.609707832336426,0.14520952105522156,0.8003523945808411,0.4931580126285553,0.7282828092575073,0.557362973690033,0.6937521696090698,0.5162174701690674,0.620934247970581,1,10,train,0.001
4.4316325187683105,3.494370222091675,0.12649299204349518,0.8107692003250122,0.5026341080665588,0.6814169883728027,0.5588819980621338,0.6564269661903381,0.5335082411766052,0.5615019202232361,1,10,train,0.001
4.285130023956299,3.470618486404419,0.11572705954313278,0.6987846493721008,0.4680551588535309,0.6797263026237488,0.5210961699485779,0.6565104722976685,0.5400775671005249,0.6051528453826904,1,10,train,0.001
5.2643561363220215,4.2738118171691895,0.13541050255298615,0.8551341891288757,0.6789522767066956,0.7478895783424377,0.6887109875679016,0.8437542915344238,0.6349128484725952,0.679591715335846,1,10,val,0.001
5.300833225250244,4.370842933654785,0.13534899055957794,0.7946416735649109,0.6692111492156982,0.8374967575073242,0.6827412843704224,0.8461511135101318,0.6541780233383179,0.681064784526825,1,10,val,0.001
5.264950275421143,4.348289489746094,0.1278640478849411,0.7887970209121704,0.650601863861084,0.8421851992607117,0.6502370238304138,0.8689470291137695,0.6480315923690796,0.6882866621017456,1,10,val,0.001
5.206712245941162,4.463131904602051,0.11493531614542007,0.6286447644233704,0.6787477135658264,0.8715619444847107,0.6937772631645203,0.9129000306129456,0.6475865244865417,0.6585581302642822,1,10,val,0.001
4.300978183746338,3.3893537521362305,0.14263185858726501,0.7689928412437439,0.4377268850803375,0.7255818247795105,0.5440115928649902,0.6572116613388062,0.4774370491504669,0.5473846793174744,1,11,train,0.001
4.426331996917725,3.495176076889038,0.16243506968021393,0.7687208652496338,0.46221858263015747,0.710558295249939,0.5307546257972717,0.6994804739952087,0.5141652226448059,0.5779988765716553,1,11,train,0.001
4.320702075958252,3.3856115341186523,0.15191975235939026,0.783170759677887,0.45946621894836426,0.6431851983070374,0.5178989768028259,0.6860843300819397,0.5066269636154175,0.5723500847816467,1,11,train,0.001
4.504755973815918,3.4685521125793457,0.15028439462184906,0.8859197497367859,0.4777471721172333,0.6933907866477966,0.5398194789886475,0.7186387181282043,0.47506606578826904,0.5638899803161621,1,11,train,0.001
4.369396209716797,3.4378879070281982,0.14185893535614014,0.7896496653556824,0.46923160552978516,0.6952258944511414,0.5411328077316284,0.631912350654602,0.5253255367279053,0.575059711933136,1,11,train,0.001
4.5853657722473145,3.6275272369384766,0.1492125540971756,0.8086258172988892,0.48266443610191345,0.712100625038147,0.5585891604423523,0.6909093260765076,0.5680994391441345,0.6151639819145203,1,11,train,0.001
4.277264595031738,3.4710869789123535,0.11468417942523956,0.6914932727813721,0.49870845675468445,0.677897036075592,0.518653929233551,0.7111660838127136,0.5105745792388916,0.5540869235992432,1,11,train,0.001
5.181048393249512,4.252668380737305,0.09974630177021027,0.8286339640617371,0.6850461363792419,0.7409590482711792,0.6845549941062927,0.8353846073150635,0.6303275227546692,0.6763959527015686,1,11,val,0.001
5.245743751525879,4.36386251449585,0.10406390577554703,0.7778173089027405,0.6680381298065186,0.834659993648529,0.6836156845092773,0.8432183265686035,0.6547299027442932,0.6796002984046936,1,11,val,0.001
5.19195032119751,4.322053909301758,0.09866535663604736,0.7712311148643494,0.6517599821090698,0.8344724774360657,0.6500281095504761,0.86273193359375,0.6434569358825684,0.6796047687530518,1,11,val,0.001
5.1490983963012695,4.43390417098999,0.087070994079113,0.6281234622001648,0.6684607863426208,0.8684601187705994,0.6953528523445129,0.9042285084724426,0.6436812877655029,0.6537205576896667,1,11,val,0.001
4.275644302368164,3.4624874591827393,0.11955087631940842,0.6936060786247253,0.4601963460445404,0.7090081572532654,0.5417149662971497,0.6780957579612732,0.48889100551605225,0.584581196308136,1,12,train,0.001
4.239758491516113,3.360464096069336,0.11641151458024979,0.7628831267356873,0.43590208888053894,0.6921660304069519,0.5175230503082275,0.645357608795166,0.4967271089553833,0.5727881193161011,1,12,train,0.001
4.261077880859375,3.354593515396118,0.11719857901334763,0.7892859578132629,0.4436746835708618,0.669891893863678,0.5098892450332642,0.6524901390075684,0.5021480321884155,0.5764992237091064,1,12,train,0.001
4.32045316696167,3.4329090118408203,0.1095970869064331,0.7779471278190613,0.4673946499824524,0.6694998741149902,0.5591464638710022,0.6829504370689392,0.5023382902145386,0.5515794157981873,1,12,train,0.001
4.237407207489014,3.362072467803955,0.1124173253774643,0.7629173398017883,0.4690348505973816,0.6567866802215576,0.5214268565177917,0.6850305795669556,0.4967481195926666,0.5330451726913452,1,12,train,0.001
4.262278079986572,3.3629400730133057,0.10895083844661713,0.7903873324394226,0.46657389402389526,0.665438175201416,0.5112770199775696,0.6612613797187805,0.4954732656478882,0.5629165172576904,1,12,train,0.001
4.361196994781494,3.4510574340820312,0.10808420926332474,0.8020555377006531,0.45173078775405884,0.7027442455291748,0.4918001890182495,0.7178621292114258,0.5020376443862915,0.5848827362060547,1,12,train,0.001
5.099475383758545,4.183588027954102,0.09508314728736877,0.8208040595054626,0.6616397500038147,0.7396080493927002,0.6726439595222473,0.831512987613678,0.6176608204841614,0.6605226993560791,1,12,val,0.001
5.194843292236328,4.316136360168457,0.09958645701408386,0.7791203856468201,0.6574081778526306,0.8372994065284729,0.6762060523033142,0.8365826606750488,0.6414008140563965,0.6672393083572388,1,12,val,0.001
5.129802703857422,4.2745161056518555,0.09567877650260925,0.7596079707145691,0.6406576633453369,0.8313125967979431,0.643683135509491,0.8573201894760132,0.6305463910102844,0.6709961891174316,1,12,val,0.001
5.088688373565674,4.365753173828125,0.07885108888149261,0.6440838575363159,0.6648484468460083,0.8488556742668152,0.6880281567573547,0.8992475271224976,0.6240566372871399,0.6407167911529541,1,12,val,0.001
4.171341419219971,3.316281318664551,0.11238177865743637,0.7426782250404358,0.44270503520965576,0.6608396768569946,0.49896439909935,0.6291406154632568,0.5264745950698853,0.5581569075584412,1,13,train,0.001
4.159814357757568,3.2630133628845215,0.11568630486726761,0.7811145186424255,0.44831326603889465,0.6716334223747253,0.5220589637756348,0.6324635148048401,0.4736987054347992,0.5148456692695618,1,13,train,0.001
4.176866054534912,3.2713613510131836,0.11902961134910583,0.7864751219749451,0.4354982376098633,0.6779547333717346,0.5038171410560608,0.6433188915252686,0.465109258890152,0.5456631779670715,1,13,train,0.001
4.215114593505859,3.32401180267334,0.12423150986433029,0.7668711543083191,0.4500731825828552,0.6724881529808044,0.5172740817070007,0.6511257886886597,0.48567384481430054,0.5473765134811401,1,13,train,0.001
4.200562953948975,3.3446078300476074,0.11926370114088058,0.736691415309906,0.4474443793296814,0.6386187076568604,0.5088384747505188,0.6806922554969788,0.496332049369812,0.5726818442344666,1,13,train,0.001
4.281774997711182,3.3528056144714355,0.12992145121097565,0.7990477681159973,0.4581184685230255,0.6332224011421204,0.5081053376197815,0.699684739112854,0.4905695915222168,0.5631051063537598,1,13,train,0.001
4.271130084991455,3.374401330947876,0.12287335097789764,0.7738553881645203,0.4491892158985138,0.6694585084915161,0.4734162986278534,0.697696328163147,0.5105061531066895,0.574134886264801,1,13,train,0.001
5.115728855133057,4.192235469818115,0.10050467401742935,0.8229886293411255,0.6643034219741821,0.7286860942840576,0.6902834177017212,0.8328500986099243,0.6160396933555603,0.6600728034973145,1,13,val,0.001
5.192998886108398,4.302156925201416,0.10597654432058334,0.7848652601242065,0.6539033055305481,0.8194677829742432,0.6909406185150146,0.8397907614707947,0.6370556354522705,0.6609988808631897,1,13,val,0.001
5.13328218460083,4.271580696105957,0.09984295070171356,0.7618582844734192,0.6396628618240356,0.8172004222869873,0.6582956910133362,0.8612364530563354,0.6341174840927124,0.6610677242279053,1,13,val,0.001
5.091994285583496,4.374590873718262,0.08532963693141937,0.6320738196372986,0.6555573344230652,0.8513522148132324,0.6995590925216675,0.9019496440887451,0.6301910877227783,0.6359815001487732,1,13,val,0.001
4.143627643585205,3.263028383255005,0.11438663303852081,0.7662125825881958,0.43877169489860535,0.6432623267173767,0.4909667670726776,0.6717326045036316,0.4673987329006195,0.5508964657783508,1,14,train,0.001
4.143364906311035,3.252673864364624,0.12122636288404465,0.7694646716117859,0.42372480034828186,0.6479430794715881,0.5182040929794312,0.6463708877563477,0.4792841672897339,0.5371467471122742,1,14,train,0.001
4.193047523498535,3.251044511795044,0.13001596927642822,0.811987042427063,0.4394814372062683,0.6551234722137451,0.49915122985839844,0.6410481333732605,0.47808805108070374,0.5381519198417664,1,14,train,0.001
4.138772010803223,3.235219955444336,0.12491171807050705,0.7786400318145752,0.4428696036338806,0.6154729127883911,0.49242478609085083,0.6310076117515564,0.5018247961997986,0.5516203045845032,1,14,train,0.001
4.255775451660156,3.344470500946045,0.12613464891910553,0.7851705551147461,0.4417761266231537,0.6544055342674255,0.5166192650794983,0.6902139186859131,0.48587971925735474,0.5555760264396667,1,14,train,0.001
4.079087734222412,3.170365333557129,0.11439038068056107,0.7943318486213684,0.43714845180511475,0.6254404783248901,0.48169228434562683,0.6459423899650574,0.4511249363422394,0.5290166735649109,1,14,train,0.001
4.159546852111816,3.3323817253112793,0.11657068878412247,0.710594654083252,0.43662387132644653,0.6374823451042175,0.4455490708351135,0.6830122470855713,0.5486724376678467,0.5810418128967285,1,14,train,0.001
5.05327033996582,4.142162799835205,0.09480832517147064,0.8162996172904968,0.6550530791282654,0.722385048866272,0.6680523753166199,0.826667308807373,0.612544059753418,0.6574607491493225,1,14,val,0.001
5.137903690338135,4.2619805335998535,0.09798482805490494,0.777938187122345,0.6467070579528809,0.814214825630188,0.6717504262924194,0.832980751991272,0.6372691988945007,0.6590583920478821,1,14,val,0.001
5.078625679016113,4.223908424377441,0.09257420897483826,0.7621431946754456,0.631895124912262,0.8077892661094666,0.6429385542869568,0.8548213243484497,0.6253885626792908,0.6610756516456604,1,14,val,0.001
5.078348636627197,4.3517680168151855,0.0802004337310791,0.6463799476623535,0.6488397121429443,0.8473602533340454,0.6993886828422546,0.8974114060401917,0.625058114528656,0.6337098479270935,1,14,val,0.001
4.191226005554199,3.2897143363952637,0.11839362233877182,0.7831178307533264,0.42782044410705566,0.6409519910812378,0.4948737621307373,0.6681910753250122,0.5019384026527405,0.5559386610984802,1,15,train,0.001
3.9922266006469727,3.1381916999816895,0.11508319526910782,0.7389517426490784,0.42762115597724915,0.6148357391357422,0.47307440638542175,0.6139248013496399,0.4648319482803345,0.5439037084579468,1,15,train,0.001
3.99611234664917,3.114941120147705,0.11225345730781555,0.7689177393913269,0.4207688271999359,0.6157404184341431,0.4803295433521271,0.6222057938575745,0.46333327889442444,0.5125632286071777,1,15,train,0.001
4.082136154174805,3.221114158630371,0.11622258275747299,0.7447994947433472,0.4388355314731598,0.610332190990448,0.48203566670417786,0.6390518546104431,0.48065343499183655,0.5702054500579834,1,15,train,0.001
4.030707836151123,3.159775495529175,0.13031554222106934,0.7406167387962341,0.4278124272823334,0.5757430791854858,0.47421538829803467,0.6595552563667297,0.48541635274887085,0.5370329022407532,1,15,train,0.001
4.1977362632751465,3.2630515098571777,0.13783957064151764,0.7968453168869019,0.43528562784194946,0.6189417243003845,0.49659398198127747,0.6812875866889954,0.4803120791912079,0.5506305694580078,1,15,train,0.001
4.1536078453063965,3.213329315185547,0.13339170813560486,0.8068870902061462,0.430936723947525,0.6628440618515015,0.48124948143959045,0.6557835340499878,0.44919395446777344,0.5333214998245239,1,15,train,0.001
5.08515739440918,4.146277904510498,0.107469841837883,0.8314094543457031,0.6542072296142578,0.7276589870452881,0.6683749556541443,0.8258192539215088,0.6119164228439331,0.6583008170127869,1,15,val,0.001
5.154962539672852,4.250889778137207,0.11564695090055466,0.7884261608123779,0.6443390250205994,0.8127947449684143,0.6702789068222046,0.831819474697113,0.6323187351226807,0.6593388915061951,1,15,val,0.001
5.097225666046143,4.220878601074219,0.11142400652170181,0.7649229168891907,0.6302180290222168,0.8085514307022095,0.6400763392448425,0.8545849919319153,0.624363899230957,0.6630839109420776,1,15,val,0.001
5.029890060424805,4.305177211761475,0.09560495615005493,0.6291080117225647,0.6465102434158325,0.8456897139549255,0.6667375564575195,0.8941582441329956,0.6201872825622559,0.6318939328193665,1,15,val,0.001
4.063331127166748,3.0882959365844727,0.1257454752922058,0.84928959608078,0.39911237359046936,0.6104379296302795,0.4709353744983673,0.6293348073959351,0.4481683373451233,0.5303073525428772,1,16,train,0.001
4.010988235473633,3.148703098297119,0.14940573275089264,0.7128792405128479,0.42511364817619324,0.6069729924201965,0.4754771292209625,0.6376069188117981,0.46804314851760864,0.5354892015457153,1,16,train,0.001
4.087613105773926,3.138256549835205,0.14367075264453888,0.8056859374046326,0.4206078350543976,0.5800260901451111,0.4604842960834503,0.6291846036911011,0.49707165360450745,0.5508817434310913,1,16,train,0.001
4.187203407287598,3.199651002883911,0.13980256021022797,0.847750186920166,0.430845707654953,0.6016004085540771,0.46211129426956177,0.6520448327064514,0.49871301651000977,0.55433589220047,1,16,train,0.001
4.096042156219482,3.2109780311584473,0.13454478979110718,0.7505194544792175,0.4315413236618042,0.6220775246620178,0.49708327651023865,0.6429831385612488,0.4625353217124939,0.5547574758529663,1,16,train,0.001
4.0275726318359375,3.090942621231079,0.13718917965888977,0.7994406819343567,0.41953298449516296,0.5916778445243835,0.4540509581565857,0.6239057183265686,0.4658495783805847,0.5359256267547607,1,16,train,0.001
4.191787242889404,3.3273861408233643,0.14550842344760895,0.7188924551010132,0.4486597180366516,0.6056861877441406,0.4997798502445221,0.7232052087783813,0.48591575026512146,0.5641395449638367,1,16,train,0.001
5.053081035614014,4.12559700012207,0.10737542062997818,0.8201085925102234,0.6458917856216431,0.7215411067008972,0.6648330688476562,0.8301998376846313,0.6069653630256653,0.6561657786369324,1,16,val,0.001
5.1138739585876465,4.231380462646484,0.11099684238433838,0.7714969515800476,0.640728771686554,0.8014655113220215,0.6635837554931641,0.8373715877532959,0.631776750087738,0.6564539074897766,1,16,val,0.001
5.069850921630859,4.200239181518555,0.1055234745144844,0.7640882730484009,0.6250110864639282,0.8051068782806396,0.63580721616745,0.8562403917312622,0.6197277307510376,0.6583463549613953,1,16,val,0.001
5.0281782150268555,4.313078880310059,0.09614557027816772,0.6189536452293396,0.6495740413665771,0.8417333960533142,0.6753849387168884,0.897163987159729,0.6171446442604065,0.6320774555206299,1,16,val,0.001
4.004180431365967,3.105999708175659,0.12266585230827332,0.7755149602890015,0.4028671085834503,0.5889284610748291,0.45329442620277405,0.6708601713180542,0.45719030499458313,0.5328593254089355,1,17,train,0.001
3.949418067932129,3.0873026847839355,0.12075438350439072,0.7413608431816101,0.4047650992870331,0.5974794626235962,0.45153337717056274,0.6427921056747437,0.4565993845462799,0.5341330766677856,1,17,train,0.001
4.03872013092041,3.129176139831543,0.14173467457294464,0.7678095102310181,0.41286611557006836,0.5755271911621094,0.48505935072898865,0.6317800879478455,0.4869484007358551,0.5369949340820312,1,17,train,0.001
3.893111228942871,3.034644365310669,0.12585361301898956,0.7326132655143738,0.4182353913784027,0.5765269994735718,0.45415011048316956,0.6041193604469299,0.45966508984565735,0.52194744348526,1,17,train,0.001
4.0409979820251465,3.186591625213623,0.11590943485498428,0.7384970784187317,0.4441709518432617,0.6239510178565979,0.48014870285987854,0.6153801679611206,0.4686621129512787,0.5542789697647095,1,17,train,0.001
4.160901069641113,3.239330768585205,0.11313723772764206,0.8084329962730408,0.4212311804294586,0.6226178407669067,0.44089311361312866,0.6697686314582825,0.510979175567627,0.5738407373428345,1,17,train,0.001
3.9755473136901855,3.100505828857422,0.1040051206946373,0.7710362672805786,0.4358927309513092,0.5493151545524597,0.4655568599700928,0.6579560041427612,0.4593515992164612,0.5324334502220154,1,17,train,0.001
4.996724605560303,4.090389251708984,0.08814025670289993,0.8181948661804199,0.6475668549537659,0.7149414420127869,0.6584293842315674,0.8235936164855957,0.6008524298667908,0.6450056433677673,1,17,val,0.001
5.112723350524902,4.225074291229248,0.09712579846382141,0.790523111820221,0.6389342546463013,0.8196877241134644,0.6592137217521667,0.8309335112571716,0.627652645111084,0.6486524343490601,1,17,val,0.001
5.050244331359863,4.184359550476074,0.09048803895711899,0.7753968238830566,0.6302533745765686,0.8000197410583496,0.6332207322120667,0.8500222563743591,0.6189534068107605,0.6518900990486145,1,17,val,0.001
5.0327324867248535,4.286814212799072,0.0771925151348114,0.6687261462211609,0.6481183767318726,0.8447778224945068,0.6730008125305176,0.8902061581611633,0.6096876859664917,0.6210235953330994,1,17,val,0.001
3.8898675441741943,3.015749931335449,0.11742042005062103,0.7566971182823181,0.4123329818248749,0.5794859528541565,0.4528485834598541,0.6136271953582764,0.4295353591442108,0.5279196500778198,1,18,train,0.001
3.8938562870025635,2.9711642265319824,0.12062151730060577,0.8020706176757812,0.4017661511898041,0.5665411949157715,0.43789687752723694,0.5818458199501038,0.46936723589897156,0.5137470960617065,1,18,train,0.001
4.029376029968262,3.146928310394287,0.1136227697134018,0.7688249349594116,0.4193563461303711,0.6214282512664795,0.46135804057121277,0.6204705834388733,0.4950522184371948,0.5292630791664124,1,18,train,0.001
4.0551958084106445,3.1081700325012207,0.12575355172157288,0.8212723731994629,0.4062393307685852,0.5621094107627869,0.42236238718032837,0.6802201867103577,0.4885886311531067,0.5486501455307007,1,18,train,0.001
3.9840121269226074,3.1125216484069824,0.1294470727443695,0.7420434355735779,0.40323111414909363,0.5592643022537231,0.4708235561847687,0.6863404512405396,0.45658519864082336,0.5362771153450012,1,18,train,0.001
3.995967388153076,3.0507099628448486,0.1225961446762085,0.8226613998413086,0.4191177487373352,0.5759841203689575,0.4514996409416199,0.608352780342102,0.45486947894096375,0.5408861637115479,1,18,train,0.001
4.098378658294678,3.2148749828338623,0.15758517384529114,0.7259185314178467,0.4292879104614258,0.6342733502388,0.4593339264392853,0.6670056581497192,0.47290265560150146,0.5520713329315186,1,18,train,0.001
5.037123203277588,4.103116035461426,0.11834529787302017,0.8156620860099792,0.6359055042266846,0.7193523645401001,0.6695302724838257,0.824387788772583,0.6016592979431152,0.6522805690765381,1,18,val,0.001
5.117345809936523,4.200847148895264,0.12352365255355835,0.7929747700691223,0.6340603828430176,0.7927646040916443,0.6665559411048889,0.8315539360046387,0.6256564259529114,0.6502560973167419,1,18,val,0.001
5.0729193687438965,4.1750569343566895,0.11991484463214874,0.7779475450515747,0.6243142485618591,0.7893326282501221,0.6477771401405334,0.8487593531608582,0.6150031089782715,0.6498702168464661,1,18,val,0.001
5.010904312133789,4.2891340255737305,0.09927218407392502,0.6224981546401978,0.6449064016342163,0.825654149055481,0.6864896416664124,0.8899650573730469,0.6127997636795044,0.6293190121650696,1,18,val,0.001
3.8471739292144775,2.94207763671875,0.14766190946102142,0.7574344277381897,0.38705766201019287,0.5528145432472229,0.4434411823749542,0.6036076545715332,0.4460667073726654,0.5090899467468262,1,19,train,0.001
4.041393280029297,3.0757999420166016,0.1459425985813141,0.8196508288383484,0.4160270690917969,0.5709672570228577,0.4676555395126343,0.5997982621192932,0.47436875104904175,0.5469831228256226,1,19,train,0.001
4.131195068359375,3.0660958290100098,0.14898471534252167,0.9161148071289062,0.4067637026309967,0.5748830437660217,0.4515491724014282,0.6119632720947266,0.47250866889953613,0.548427939414978,1,19,train,0.001
4.060356140136719,3.114553928375244,0.1462104469537735,0.7995917201042175,0.4219306707382202,0.5917625427246094,0.42853230237960815,0.6408903002738953,0.46203771233558655,0.5694001913070679,1,19,train,0.001
4.014957427978516,3.1182777881622314,0.13804003596305847,0.7586396336555481,0.40500155091285706,0.5805693864822388,0.44052305817604065,0.6614057421684265,0.4797452688217163,0.5510327219963074,1,19,train,0.001
3.9087367057800293,3.018523931503296,0.1356458067893982,0.75456702709198,0.4268846809864044,0.5326333045959473,0.43899068236351013,0.6366361379623413,0.46685177087783813,0.5165274143218994,1,19,train,0.001
4.139336109161377,3.2753868103027344,0.13427600264549255,0.7296735644340515,0.44682642817497253,0.5807569026947021,0.45690321922302246,0.707857608795166,0.5135843753814697,0.5694582462310791,1,19,train,0.001
5.068972587585449,4.137805938720703,0.0972878709435463,0.8338791728019714,0.6444740891456604,0.7340788245201111,0.6657811999320984,0.8239769339561462,0.6121633648872375,0.6573314070701599,1,19,val,0.001
5.137110710144043,4.228830337524414,0.09882936626672745,0.8094511032104492,0.6333423852920532,0.8179853558540344,0.6645954251289368,0.8272817730903625,0.6324647665023804,0.6531606316566467,1,19,val,0.001
5.093710899353027,4.205542087554932,0.09462035447359085,0.7935484051704407,0.6263728737831116,0.8040672540664673,0.6396663784980774,0.8467738032341003,0.6280238628387451,0.6606379151344299,1,19,val,0.001
5.045640468597412,4.296226501464844,0.08555598556995392,0.6638580560684204,0.6431940197944641,0.8460184931755066,0.6596297025680542,0.8903971910476685,0.6250360608100891,0.6319511532783508,1,19,val,0.001
3.9981608390808105,3.0453171730041504,0.1224953755736351,0.8303481936454773,0.3975518047809601,0.5530266165733337,0.42877209186553955,0.6380906105041504,0.46866297721862793,0.5592128038406372,1,20,train,0.001
3.8969807624816895,3.0237271785736084,0.12264952808618546,0.7506040930747986,0.4035258889198303,0.5621606111526489,0.43809759616851807,0.628710150718689,0.4500671625137329,0.5411661267280579,1,20,train,0.001
3.9744210243225098,3.082855224609375,0.12761089205741882,0.7639548182487488,0.4103996157646179,0.5830511450767517,0.45672786235809326,0.6503084897994995,0.44750016927719116,0.5348678231239319,1,20,train,0.001
3.926564931869507,3.057487726211548,0.12993715703487396,0.739139974117279,0.40591007471084595,0.5595690608024597,0.4391452670097351,0.624177098274231,0.4963458180427551,0.5323405265808105,1,20,train,0.001
3.994474411010742,3.036191463470459,0.12192240357398987,0.8363604545593262,0.42160776257514954,0.5515203475952148,0.44192373752593994,0.6431298851966858,0.4672580063343048,0.5107517838478088,1,20,train,0.001
3.9976015090942383,3.0743086338043213,0.13300684094429016,0.7902861833572388,0.42327743768692017,0.5841524004936218,0.4566221535205841,0.5954062938690186,0.48172059655189514,0.5331296920776367,1,20,train,0.001
3.973116874694824,3.0811595916748047,0.13667932152748108,0.7552778124809265,0.42992398142814636,0.5351874232292175,0.45078712701797485,0.632571816444397,0.48663678765296936,0.5460522174835205,1,20,train,0.001
5.036308288574219,4.088983535766602,0.11324619501829147,0.8340789079666138,0.6422172784805298,0.7173022627830505,0.654851496219635,0.8252338171005249,0.6015881896018982,0.647790253162384,1,20,val,0.001
5.087069511413574,4.1855669021606445,0.12232967466115952,0.7791728377342224,0.6307894587516785,0.7926507592201233,0.6550572514533997,0.8341339826583862,0.62624192237854,0.6466935873031616,1,20,val,0.001
5.038560390472412,4.159679412841797,0.11675725132226944,0.7621237635612488,0.6232420802116394,0.7858372330665588,0.6312146186828613,0.8530814051628113,0.6156585216522217,0.6506456732749939,1,20,val,0.001
5.011012554168701,4.270661354064941,0.10699483007192612,0.6333566308021545,0.6387081742286682,0.835769772529602,0.6604214310646057,0.8978034853935242,0.6117141246795654,0.626244306564331,1,20,val,0.001
3.9222776889801025,2.9813055992126465,0.14098700881004333,0.7999852299690247,0.3935582935810089,0.5297874212265015,0.45335090160369873,0.6329180002212524,0.44660472869873047,0.525086522102356,1,21,train,0.001
3.9394540786743164,2.9887747764587402,0.151112362742424,0.7995669841766357,0.39854663610458374,0.5730805993080139,0.4290015399456024,0.6058350801467896,0.4510895609855652,0.5312211513519287,1,21,train,0.001
3.9785897731781006,3.014333724975586,0.1433592438697815,0.8208969235420227,0.41780078411102295,0.5314955711364746,0.41874799132347107,0.6448075771331787,0.4627701938152313,0.5387116074562073,1,21,train,0.001
3.9046974182128906,2.9614193439483643,0.15035846829414368,0.7929196357727051,0.4093047082424164,0.5340513586997986,0.42468443512916565,0.6012095212936401,0.46156322956085205,0.5306060910224915,1,21,train,0.001
4.030589580535889,3.1290173530578613,0.1335276961326599,0.7680442929267883,0.4065179228782654,0.5869680643081665,0.4350951313972473,0.6589643955230713,0.49038824439048767,0.5510838627815247,1,21,train,0.001
3.9094033241271973,3.0075771808624268,0.13512848317623138,0.7666975855827332,0.40256190299987793,0.554496705532074,0.4141925573348999,0.6139219999313354,0.49035707116127014,0.5320470929145813,1,21,train,0.001
3.9732425212860107,3.1537036895751953,0.13498874008655548,0.6845500469207764,0.43116891384124756,0.5914960503578186,0.4392760694026947,0.6749951839447021,0.4648403227329254,0.5519270896911621,1,21,train,0.001
4.981688499450684,4.063360691070557,0.10292002558708191,0.8154078722000122,0.6434811353683472,0.7213343977928162,0.638974130153656,0.8223714828491211,0.5960923433303833,0.6411069631576538,1,21,val,0.001
5.0606279373168945,4.172967910766602,0.10980814695358276,0.7778522968292236,0.637507975101471,0.8002647161483765,0.6442506313323975,0.8301563858985901,0.6196350455284119,0.6411530375480652,1,21,val,0.001
4.987236022949219,4.128944396972656,0.10474803298711777,0.7535433769226074,0.6236213445663452,0.7848174571990967,0.6156694889068604,0.8503977656364441,0.6106700301170349,0.6437681317329407,1,21,val,0.001
4.9929094314575195,4.250143527984619,0.08752743154764175,0.6552386283874512,0.6448692083358765,0.8458932042121887,0.6342167854309082,0.8926107287406921,0.6083574295043945,0.6241960525512695,1,21,val,0.001
3.8417820930480957,2.991921901702881,0.13443632423877716,0.7154239416122437,0.39874961972236633,0.541863203048706,0.43597927689552307,0.6543253660202026,0.44299009442329407,0.5180144309997559,1,22,train,0.001
3.952732563018799,3.0512871742248535,0.1330476701259613,0.7683979272842407,0.389801949262619,0.5714800953865051,0.4230514466762543,0.6535967588424683,0.46418890357017517,0.5491681098937988,1,22,train,0.001
3.8447678089141846,2.9412355422973633,0.1439235657453537,0.7596087455749512,0.38922837376594543,0.5766236782073975,0.40646663308143616,0.5837858319282532,0.47763192653656006,0.507499098777771,1,22,train,0.001
3.879211187362671,2.993495225906372,0.13336683809757233,0.7523491978645325,0.39642295241355896,0.5564755201339722,0.409953236579895,0.6308558583259583,0.4519420564174652,0.5478456616401672,1,22,train,0.001
3.856125593185425,2.9011425971984863,0.12933537364006042,0.8256475329399109,0.4021459221839905,0.5034559965133667,0.41834941506385803,0.597987711429596,0.46627914905548096,0.5129241347312927,1,22,train,0.001
3.928619861602783,3.0049259662628174,0.137734055519104,0.7859597206115723,0.405385822057724,0.5442759394645691,0.4341665804386139,0.6153822541236877,0.46460768580436707,0.5411075949668884,1,22,train,0.001
3.9436745643615723,3.0838255882263184,0.13889820873737335,0.7209507822990417,0.4287993013858795,0.5373035669326782,0.43393251299858093,0.6506243944168091,0.477201908826828,0.555963933467865,1,22,train,0.001
4.967163562774658,4.043013095855713,0.11134597659111023,0.8128048181533813,0.642588198184967,0.7084328532218933,0.6431897282600403,0.8229784965515137,0.5897970199584961,0.6360267400741577,1,22,val,0.001
5.02658224105835,4.140216827392578,0.11851456761360168,0.7678510546684265,0.6360500454902649,0.7717366218566895,0.6474851369857788,0.8287097215652466,0.6211552023887634,0.6350805759429932,1,22,val,0.001
4.987685680389404,4.1013007164001465,0.11105706542730331,0.7753276824951172,0.6232938170433044,0.7712110280990601,0.6175302863121033,0.850348174571991,0.6028972268104553,0.6360200047492981,1,22,val,0.001
4.924886703491211,4.187546253204346,0.09494037181138992,0.6424000859260559,0.6441883444786072,0.7967995405197144,0.641163170337677,0.8943478465080261,0.6007415652275085,0.6103059649467468,1,22,val,0.001
3.807257652282715,2.8861207962036133,0.13443833589553833,0.7866985201835632,0.375848650932312,0.5236125588417053,0.409689724445343,0.6348860859870911,0.43147119879722595,0.5106126070022583,1,23,train,0.001
3.8407084941864014,2.8993167877197266,0.15443694591522217,0.7869545817375183,0.39560434222221375,0.5237001180648804,0.4207296669483185,0.5867840647697449,0.44299107789993286,0.5295076370239258,1,23,train,0.001
3.831596851348877,2.8809080123901367,0.13005246222019196,0.8206363916397095,0.3955850303173065,0.5383597612380981,0.40307945013046265,0.6022982597351074,0.432432621717453,0.509152889251709,1,23,train,0.001
3.7917702198028564,2.9278206825256348,0.13490384817123413,0.7290456295013428,0.39784103631973267,0.5290502905845642,0.4049544930458069,0.5988608002662659,0.47133275866508484,0.5257812738418579,1,23,train,0.001
3.8488962650299072,3.0295655727386475,0.1267724186182022,0.692558228969574,0.4035002887248993,0.5237618684768677,0.4369952380657196,0.6383662223815918,0.4921450912952423,0.534796953201294,1,23,train,0.001
4.039721965789795,3.090076446533203,0.12967100739479065,0.8199745416641235,0.41994598507881165,0.5487723350524902,0.42747795581817627,0.6395090222358704,0.5060735940933228,0.5482974648475647,1,23,train,0.001
3.8721046447753906,3.012417793273926,0.1266188770532608,0.7330678701400757,0.39379119873046875,0.5503526329994202,0.4293592870235443,0.6493284106254578,0.4628349542617798,0.5267515182495117,1,23,train,0.001
4.959133148193359,4.04528284072876,0.10493690520524979,0.8089132308959961,0.6320715546607971,0.7077945470809937,0.648612380027771,0.8200677633285522,0.5991293787956238,0.6376069188117981,1,23,val,0.001
5.02589750289917,4.136844158172607,0.11328908801078796,0.7757646441459656,0.6217976212501526,0.7805689573287964,0.6517665386199951,0.8292619585990906,0.6180474162101746,0.6354014873504639,1,23,val,0.001
4.981689929962158,4.111334800720215,0.10422708094120026,0.7661280035972595,0.6154327392578125,0.766410231590271,0.6285243630409241,0.8472083806991577,0.6137335300445557,0.6400253772735596,1,23,val,0.001
4.9660162925720215,4.22002649307251,0.0939866304397583,0.6520034670829773,0.6377303004264832,0.8198771476745605,0.6562630534172058,0.8866209983825684,0.6091012954711914,0.6104337573051453,1,23,val,0.001
3.756380558013916,2.824542999267578,0.13679872453212738,0.7950390577316284,0.3708108067512512,0.5226157903671265,0.3856915235519409,0.6000567674636841,0.4310927093029022,0.5142755508422852,1,24,train,0.001
3.8217339515686035,2.8835132122039795,0.13772012293338776,0.8005006909370422,0.3823108673095703,0.5169872045516968,0.41979095339775085,0.6202206015586853,0.4320303499698639,0.5121732354164124,1,24,train,0.001
3.872724771499634,2.8954927921295166,0.1540994495153427,0.8231324553489685,0.3937992453575134,0.4985509216785431,0.43020129203796387,0.57909095287323,0.46293026208877563,0.5309199690818787,1,24,train,0.001
3.7780745029449463,2.8786048889160156,0.13399313390254974,0.7654764652252197,0.4043980836868286,0.4853004217147827,0.4240109324455261,0.6026275753974915,0.4513923227787018,0.5108753442764282,1,24,train,0.001
3.8639235496520996,2.979794979095459,0.14067476987838745,0.7434536218643188,0.3914700448513031,0.5172389149665833,0.4152483642101288,0.6574905514717102,0.4657045304775238,0.5326426029205322,1,24,train,0.001
3.9572534561157227,3.0232975482940674,0.1523064523935318,0.7816494107246399,0.4028880000114441,0.5629493594169617,0.40693405270576477,0.6149948239326477,0.4934420883655548,0.5420892238616943,1,24,train,0.001
3.9479875564575195,3.068519115447998,0.16318777203559875,0.7162806391716003,0.4001239240169525,0.5981836915016174,0.4040423333644867,0.6274421215057373,0.4996519982814789,0.5390751361846924,1,24,train,0.001
4.980189323425293,4.053671836853027,0.11550848186016083,0.8110091090202332,0.6433942317962646,0.6967846155166626,0.6452576518058777,0.8227096199989319,0.6023864150047302,0.6431394219398499,1,24,val,0.001
5.029823303222656,4.1365861892700195,0.11912427842617035,0.7741127014160156,0.6284987330436707,0.7752273678779602,0.6420328617095947,0.827919602394104,0.6251518130302429,0.637755811214447,1,24,val,0.001
4.978738307952881,4.111156463623047,0.11337035894393921,0.7542115449905396,0.6204783320426941,0.7661362290382385,0.6144201159477234,0.8491999506950378,0.6191920638084412,0.6417296528816223,1,24,val,0.001
4.924308776855469,4.180028438568115,0.10400687158107758,0.6402737498283386,0.6401805877685547,0.7936155200004578,0.6391232013702393,0.8892896771430969,0.6080362200737,0.6097829937934875,1,24,val,0.001
3.9053890705108643,2.9531681537628174,0.14007745683193207,0.8121436238288879,0.3909173905849457,0.522107720375061,0.4210689067840576,0.6204869747161865,0.4577023386955261,0.5408846735954285,1,25,train,0.001
3.7928056716918945,2.9177956581115723,0.14604488015174866,0.728965163230896,0.3930702209472656,0.5146215558052063,0.3998667001724243,0.6117745637893677,0.46107664704322815,0.5373859405517578,1,25,train,0.001
3.7536678314208984,2.8767902851104736,0.1356433629989624,0.741234302520752,0.3945334553718567,0.5020384788513184,0.40883681178092957,0.6234332919120789,0.4499809741973877,0.4979671537876129,1,25,train,0.001
3.8151018619537354,2.8975512981414795,0.13639630377292633,0.7811540961265564,0.3788398504257202,0.5345492362976074,0.3978830575942993,0.5920249223709106,0.4699764549732208,0.5242777466773987,1,25,train,0.001
3.750398635864258,2.8431029319763184,0.12999683618545532,0.7772989273071289,0.39617544412612915,0.5030808448791504,0.4030790627002716,0.5962069630622864,0.4362693727016449,0.5082911252975464,1,25,train,0.001
3.837897539138794,2.9088501930236816,0.131898894906044,0.7971485257148743,0.39768511056900024,0.5147016048431396,0.4014504849910736,0.5929513573646545,0.47475898265838623,0.5273028612136841,1,25,train,0.001
4.091359615325928,3.1930360794067383,0.1398288756608963,0.7584947943687439,0.44029951095581055,0.5342113375663757,0.4223306179046631,0.7253517508506775,0.49518314003944397,0.5756593942642212,1,25,train,0.001
4.941094875335693,4.013818740844727,0.10206104815006256,0.825214684009552,0.6305843591690063,0.6956902146339417,0.6401254534721375,0.81788569688797,0.5919340252876282,0.6375988125801086,1,25,val,0.001
5.007244110107422,4.099436283111572,0.10838234424591064,0.7994256615638733,0.6242610812187195,0.7663000226020813,0.6357613801956177,0.8267945051193237,0.6130355000495911,0.6332839131355286,1,25,val,0.001
4.948089599609375,4.075950622558594,0.10480020195245743,0.7673385739326477,0.6137775182723999,0.7611749172210693,0.6122843623161316,0.8457270264625549,0.6040595173835754,0.6389272212982178,1,25,val,0.001
4.941009998321533,4.172761917114258,0.08939965069293976,0.6788480877876282,0.628828227519989,0.8003875017166138,0.6412907242774963,0.8871015906333923,0.5984341502189636,0.616719663143158,1,25,val,0.001
3.710178852081299,2.7721009254455566,0.13422034680843353,0.8038575053215027,0.3704546093940735,0.5058156251907349,0.3867532014846802,0.5898043513298035,0.41375982761383057,0.5055133104324341,1,26,train,0.001
3.6934142112731934,2.8030600547790527,0.1340058296918869,0.7563483715057373,0.38336271047592163,0.5022153854370117,0.39404982328414917,0.5806238055229187,0.43725523352622986,0.505553126335144,1,26,train,0.001
3.8206844329833984,2.878671407699585,0.13115936517715454,0.8108536005020142,0.39135822653770447,0.49359130859375,0.3989136219024658,0.6151223182678223,0.4613804221153259,0.5183055400848389,1,26,train,0.001
3.824336051940918,2.897423267364502,0.13431599736213684,0.7925967574119568,0.4019290506839752,0.5043125748634338,0.4123648405075073,0.5952262878417969,0.45903846621513367,0.5245519876480103,1,26,train,0.001
3.8168277740478516,2.8901305198669434,0.13890154659748077,0.7877957820892334,0.40094804763793945,0.5067569613456726,0.3888523578643799,0.6298673748970032,0.44249796867370605,0.5212077498435974,1,26,train,0.001
3.856539726257324,2.995413064956665,0.13976730406284332,0.7213591933250427,0.3944700360298157,0.5316569805145264,0.4142788350582123,0.6144199371337891,0.4958084225654602,0.5447788238525391,1,26,train,0.001
4.11447811126709,3.1679110527038574,0.15178290009498596,0.7947838306427002,0.4172222316265106,0.5884284377098083,0.40153154730796814,0.6955573558807373,0.4944498538970947,0.5707215666770935,1,26,train,0.001
4.946407318115234,4.0048699378967285,0.12441107630729675,0.8171262741088867,0.6353963613510132,0.6903730630874634,0.6345927715301514,0.817524790763855,0.5915815234184265,0.6354016661643982,1,26,val,0.001
4.997405052185059,4.0874433517456055,0.1305844783782959,0.7793771028518677,0.6279138326644897,0.7497894763946533,0.6349839568138123,0.8276582360267639,0.6136665940284729,0.633431613445282,1,26,val,0.001
4.943505764007568,4.056241989135742,0.12537771463394165,0.7618862390518188,0.6152625679969788,0.750316858291626,0.6089431047439575,0.8452832698822021,0.6020269393920898,0.6344092488288879,1,26,val,0.001
4.886892318725586,4.144397735595703,0.10513295233249664,0.6373613476753235,0.6353612542152405,0.7715337872505188,0.6368317604064941,0.8875017166137695,0.5994789600372314,0.6136902570724487,1,26,val,0.001
3.839672088623047,2.84059739112854,0.15506699681282043,0.8440076112747192,0.3815212547779083,0.5044978260993958,0.3874645233154297,0.5821214914321899,0.45873409509658813,0.5262582302093506,1,27,train,0.001
3.736088514328003,2.813422441482544,0.14946380257606506,0.773202121257782,0.39051973819732666,0.4985935389995575,0.3935198485851288,0.5982878804206848,0.42722827196121216,0.505273163318634,1,27,train,0.001
3.852375030517578,2.9601211547851562,0.1710900217294693,0.7211636900901794,0.3800615072250366,0.5450073480606079,0.40106457471847534,0.6227487325668335,0.4583951532840729,0.5528439283370972,1,27,train,0.001
3.8530290126800537,2.857405424118042,0.1522095799446106,0.8434141278266907,0.3906811475753784,0.5101807713508606,0.3781864047050476,0.6260372400283813,0.44844770431518555,0.5038722157478333,1,27,train,0.001
3.7680859565734863,2.8803815841674805,0.1546882539987564,0.7330159544944763,0.396385133266449,0.480257511138916,0.40765902400016785,0.6073103547096252,0.4588848650455475,0.5298844575881958,1,27,train,0.001
3.8748393058776855,2.911309003829956,0.14358843863010406,0.8199418187141418,0.39795705676078796,0.5280754566192627,0.3952018618583679,0.6191733479499817,0.45347538590431213,0.5174257159233093,1,27,train,0.001
3.7862513065338135,2.97141170501709,0.12735000252723694,0.6874895095825195,0.41653966903686523,0.48459774255752563,0.41549816727638245,0.6442975401878357,0.4781331419944763,0.5323452353477478,1,27,train,0.001
4.937093734741211,4.004261493682861,0.10509034246206284,0.8277419209480286,0.6299821734428406,0.6873347759246826,0.6314353346824646,0.8188213109970093,0.5968455672264099,0.6398418545722961,1,27,val,0.001
4.9940032958984375,4.086869716644287,0.10808879137039185,0.7990447282791138,0.6190860867500305,0.7655256986618042,0.6308927536010742,0.8256472945213318,0.6134937405586243,0.6322239637374878,1,27,val,0.001
4.940358638763428,4.059663772583008,0.10156997293233871,0.7791246771812439,0.6098736524581909,0.7537903785705566,0.6057265996932983,0.847188413143158,0.6031657457351685,0.6399186253547668,1,27,val,0.001
4.931425094604492,4.166248321533203,0.09086459130048752,0.6743119955062866,0.6380882859230042,0.7995045185089111,0.6271730661392212,0.8869642615318298,0.6057890057563782,0.6087290048599243,1,27,val,0.001
3.622941017150879,2.7377147674560547,0.12542308866977692,0.7598031163215637,0.36962032318115234,0.48945045471191406,0.4028337001800537,0.5681896805763245,0.4256601333618164,0.481960654258728,1,28,train,0.001
3.756493091583252,2.793691873550415,0.1321084052324295,0.8306928873062134,0.3738447427749634,0.5106618404388428,0.37698957324028015,0.5916368961334229,0.43456393480300903,0.5059947967529297,1,28,train,0.001
3.8129611015319824,2.8523659706115723,0.1393638253211975,0.8212313652038574,0.38773396611213684,0.5104010701179504,0.3951852023601532,0.5873173475265503,0.4408549666404724,0.5308732986450195,1,28,train,0.001
3.8875606060028076,2.9203293323516846,0.14770829677581787,0.8195231556892395,0.3897607624530792,0.5149660706520081,0.38473740220069885,0.6321502327919006,0.4664561152458191,0.5322586894035339,1,28,train,0.001
3.7529101371765137,2.8472378253936768,0.13585498929023743,0.7698174118995667,0.3862634003162384,0.48700085282325745,0.3762889802455902,0.6407436728477478,0.437425434589386,0.5195155143737793,1,28,train,0.001
3.8036885261535645,2.915026903152466,0.13481934368610382,0.7538422346115112,0.4008181691169739,0.47354674339294434,0.40453967452049255,0.6455130577087402,0.46746617555618286,0.5231431126594543,1,28,train,0.001
4.004761219024658,3.0839996337890625,0.13172076642513275,0.7890408039093018,0.40733566880226135,0.546889066696167,0.4004182517528534,0.6276873350143433,0.5277503132820129,0.5739191174507141,1,28,train,0.001
4.91569185256958,3.9934725761413574,0.10512205213308334,0.8170971274375916,0.6325392723083496,0.6807999610900879,0.6376367807388306,0.8184481859207153,0.5873473882675171,0.6367011666297913,1,28,val,0.001
4.968534469604492,4.06559419631958,0.11063095927238464,0.7923092246055603,0.6245725750923157,0.7410008907318115,0.6320385932922363,0.8218018412590027,0.6130133867263794,0.6331669688224792,1,28,val,0.001
4.9305195808410645,4.047773361206055,0.10896224528551102,0.7737839818000793,0.6107050180435181,0.7407653331756592,0.6118962168693542,0.8438534736633301,0.6008122563362122,0.6397414207458496,1,28,val,0.001
4.896073341369629,4.141517162322998,0.08983214944601059,0.664723813533783,0.6312698125839233,0.7714425921440125,0.6341286301612854,0.881412148475647,0.6041754484176636,0.6190887689590454,1,28,val,0.001
3.8011722564697266,2.8631391525268555,0.14737705886363983,0.7906560301780701,0.3747306764125824,0.5036363005638123,0.40058061480522156,0.6174400448799133,0.44559791684150696,0.5211538076400757,1,29,train,0.001
3.7003676891326904,2.771543025970459,0.12971371412277222,0.7991108894348145,0.37737059593200684,0.47672998905181885,0.3718865215778351,0.5769498348236084,0.4539858400821686,0.5146201848983765,1,29,train,0.001
3.7339353561401367,2.816071033477783,0.14548373222351074,0.772380530834198,0.37181487679481506,0.47636085748672485,0.39719775319099426,0.6136283278465271,0.44539302587509155,0.5116761922836304,1,29,train,0.001
3.743353843688965,2.795858860015869,0.1389894038438797,0.808505654335022,0.39058780670166016,0.48446035385131836,0.39389121532440186,0.5779551267623901,0.44052767753601074,0.5084366202354431,1,29,train,0.001
3.8159592151641846,2.8781890869140625,0.14754505455493927,0.7902250289916992,0.3804644048213959,0.4949575662612915,0.3927902579307556,0.6227993369102478,0.46304839849472046,0.5241289734840393,1,29,train,0.001
3.799032211303711,2.8947317600250244,0.14851200580596924,0.7557884454727173,0.39759722352027893,0.5013658404350281,0.39102476835250854,0.6123377680778503,0.4652754068374634,0.5271309018135071,1,29,train,0.001
3.8919713497161865,2.888866901397705,0.16539376974105835,0.8377105593681335,0.395803302526474,0.5077940225601196,0.38688385486602783,0.6354590654373169,0.4412933588027954,0.5216331481933594,1,29,train,0.001
4.893646240234375,3.9605953693389893,0.12487690895795822,0.8081740736961365,0.6252056956291199,0.671644926071167,0.6329033374786377,0.8127471804618835,0.5889087915420532,0.6291853785514832,1,29,val,0.001
4.954327583312988,4.053836345672607,0.13032308220863342,0.7701682448387146,0.6200156211853027,0.7397708892822266,0.632209062576294,0.81913161277771,0.6115620732307434,0.6311471462249756,1,29,val,0.001
4.925650119781494,4.031852722167969,0.119562067091465,0.7742350697517395,0.6087213754653931,0.7435084581375122,0.6103336215019226,0.8403971195220947,0.5983691811561584,0.6305229067802429,1,29,val,0.001
4.886457920074463,4.138847827911377,0.10842855274677277,0.6391816139221191,0.6289006471633911,0.7878143787384033,0.6315130591392517,0.8831153512001038,0.597221314907074,0.6102829575538635,1,29,val,0.001
3.740436553955078,2.8127360343933105,0.14712515473365784,0.7805752158164978,0.37131181359291077,0.48109498620033264,0.3968750834465027,0.6026452779769897,0.4493613839149475,0.5114474296569824,1,30,train,0.001
3.6563634872436523,2.744259834289551,0.15558673441410065,0.7565169334411621,0.3690478503704071,0.5047580599784851,0.36805200576782227,0.5675800442695618,0.43144431710243225,0.5033774375915527,1,30,train,0.001
3.7736072540283203,2.8610801696777344,0.15801481902599335,0.7545123100280762,0.3675380051136017,0.5030308961868286,0.4017251431941986,0.5935723781585693,0.4650917947292328,0.5301221013069153,1,30,train,0.001
3.7523016929626465,2.804326295852661,0.1358482390642166,0.8121272325515747,0.3841343820095062,0.4800992012023926,0.396280974149704,0.5973547697067261,0.4478706419467926,0.49858608841896057,1,30,train,0.001
3.7699108123779297,2.843141794204712,0.13694147765636444,0.7898274660110474,0.3747856616973877,0.4943889379501343,0.3836299479007721,0.6174299120903015,0.4530716836452484,0.5198357701301575,1,30,train,0.001
3.9076576232910156,2.9009311199188232,0.1265549212694168,0.8801714777946472,0.39611324667930603,0.5004326701164246,0.3885143995285034,0.6189046502113342,0.4423302114009857,0.5546359419822693,1,30,train,0.001
3.7512125968933105,2.960510730743408,0.11554429680109024,0.6751574873924255,0.43018752336502075,0.45460864901542664,0.37141162157058716,0.686198353767395,0.4700525403022766,0.5480519533157349,1,30,train,0.001
4.892821311950684,3.959658622741699,0.1012425497174263,0.8319200873374939,0.6283790469169617,0.6740351915359497,0.6272276043891907,0.8133959770202637,0.5849106907844543,0.6317102313041687,1,30,val,0.001
4.930285930633545,4.0307536125183105,0.10743052512407303,0.7921018004417419,0.6225674748420715,0.7324113845825195,0.6210404634475708,0.8208973407745361,0.6064838767051697,0.6273531317710876,1,30,val,0.001
4.915218353271484,4.0116143226623535,0.10418597608804703,0.7994179129600525,0.6141665577888489,0.7329030632972717,0.6023476719856262,0.8410597443580627,0.5938031077384949,0.6273339986801147,1,30,val,0.001
4.879973411560059,4.1021833419799805,0.08898903429508209,0.6888008713722229,0.6311864852905273,0.7756571769714355,0.6166002750396729,0.8802398443222046,0.5940214395523071,0.604478120803833,1,30,val,0.001
3.714925527572632,2.7792789936065674,0.13408617675304413,0.8015604019165039,0.36528363823890686,0.5086676478385925,0.3784431517124176,0.5718979239463806,0.42477351427078247,0.5302131175994873,1,31,train,0.001
3.6564695835113525,2.783996343612671,0.12976178526878357,0.7427114844322205,0.382518470287323,0.44842788577079773,0.38903623819351196,0.6003631353378296,0.45409446954727173,0.5095561146736145,1,31,train,0.001
3.6868081092834473,2.7718381881713867,0.1419144719839096,0.7730556726455688,0.36346012353897095,0.477068156003952,0.3875245451927185,0.584557831287384,0.43725425004959106,0.5219732522964478,1,31,train,0.001
3.910931348800659,2.857940196990967,0.15892530977725983,0.894065797328949,0.3815465271472931,0.47097402811050415,0.39003852009773254,0.6089975833892822,0.4857461154460907,0.5206374526023865,1,31,train,0.001
3.8193776607513428,2.8486266136169434,0.1671210527420044,0.8036300539970398,0.37861841917037964,0.49089232087135315,0.37266650795936584,0.6182348728179932,0.45754849910736084,0.530665934085846,1,31,train,0.001
3.8067777156829834,2.8671023845672607,0.1556856483221054,0.7839896082878113,0.39100217819213867,0.5128484964370728,0.381713330745697,0.6236913204193115,0.44546398520469666,0.5123831629753113,1,31,train,0.001
3.773952007293701,2.811469078063965,0.16034837067127228,0.8021345138549805,0.4038780629634857,0.4773423373699188,0.3648354411125183,0.6087803840637207,0.4402509927749634,0.5163818001747131,1,31,train,0.001
4.882264137268066,3.953889846801758,0.12094715982675552,0.807426929473877,0.6259018182754517,0.6732485890388489,0.628511369228363,0.8105712532997131,0.5880022644996643,0.6276546716690063,1,31,val,0.001
4.9407734870910645,4.032161235809326,0.13235971331596375,0.7762525677680969,0.6179350018501282,0.7299671769142151,0.6310821771621704,0.8164456486701965,0.6092833280563354,0.6274480819702148,1,31,val,0.001
4.887244701385498,4.0083770751953125,0.12544986605644226,0.7534181475639343,0.6078545451164246,0.7251779437065125,0.6064270734786987,0.8410378694534302,0.5991981029510498,0.6286814212799072,1,31,val,0.001
4.876574516296387,4.114641189575195,0.11798571050167084,0.6439475417137146,0.6263105273246765,0.7782442569732666,0.6293659210205078,0.8781415820121765,0.6005364060401917,0.6020424962043762,1,31,val,0.001
3.6487174034118652,2.7070274353027344,0.15280571579933167,0.788884162902832,0.36112847924232483,0.45738017559051514,0.3805536925792694,0.574643075466156,0.430303692817688,0.503018319606781,1,32,train,0.001
3.569906234741211,2.668572187423706,0.1500428318977356,0.7512911558151245,0.3659009635448456,0.45820313692092896,0.36699730157852173,0.5739418864250183,0.4064340889453888,0.4970948398113251,1,32,train,0.001
3.7027697563171387,2.811824321746826,0.13870102167129517,0.7522444725036621,0.3851255476474762,0.47856152057647705,0.38024717569351196,0.5973161458969116,0.45797303318977356,0.512600839138031,1,32,train,0.001
3.846414089202881,2.884322166442871,0.15342476963996887,0.8086673021316528,0.38789045810699463,0.5074300765991211,0.399015873670578,0.5989900827407837,0.4692738652229309,0.5217217803001404,1,32,train,0.001
3.803337335586548,2.912696361541748,0.14453120529651642,0.746109664440155,0.3831082880496979,0.4868641793727875,0.3947058916091919,0.6497938632965088,0.4612486958503723,0.5369753837585449,1,32,train,0.001
3.7803049087524414,2.8825020790100098,0.14556393027305603,0.7522388696670532,0.3888058364391327,0.48253685235977173,0.3973398804664612,0.6158034801483154,0.46836572885513306,0.5296505689620972,1,32,train,0.001
3.856041431427002,2.8647615909576416,0.1599080115556717,0.8313719034194946,0.3932448923587799,0.5048733949661255,0.34828653931617737,0.6134898662567139,0.47997480630874634,0.5248920321464539,1,32,train,0.001
4.898532867431641,3.9597280025482178,0.1095416247844696,0.8292631506919861,0.6422537565231323,0.6641368269920349,0.6194567680358887,0.81423419713974,0.5878638029098511,0.6317827701568604,1,32,val,0.001
4.952364921569824,4.046327590942383,0.11839447915554047,0.7876428961753845,0.6340324878692627,0.7322909832000732,0.6199489831924438,0.8232330679893494,0.611145555973053,0.6256765127182007,1,32,val,0.001
4.894776821136475,4.010007858276367,0.10900059342384338,0.7757684588432312,0.6188179850578308,0.7173645496368408,0.5989323258399963,0.8421726226806641,0.600117027759552,0.6326035261154175,1,32,val,0.001
4.905178546905518,4.126439571380615,0.09456997364759445,0.6841687560081482,0.648817777633667,0.774592936038971,0.6157028675079346,0.8842900395393372,0.5954035520553589,0.607632577419281,1,32,val,0.001
3.6924831867218018,2.759204864501953,0.14159701764583588,0.7916813492774963,0.3649044334888458,0.47690749168395996,0.3798823356628418,0.567211925983429,0.4566211402416229,0.5136776566505432,1,33,train,0.001
3.7302498817443848,2.765079975128174,0.13689091801643372,0.8282789587974548,0.35833680629730225,0.4768117666244507,0.37266823649406433,0.6305766701698303,0.40945005416870117,0.5172364711761475,1,33,train,0.001
4.123266696929932,2.730410099029541,0.5990639925003052,0.7937926650047302,0.37479910254478455,0.44475093483924866,0.3595055341720581,0.6025981307029724,0.448403000831604,0.5003534555435181,1,33,train,0.001
3.7626724243164062,2.858001708984375,0.15341942012310028,0.751251220703125,0.3937198519706726,0.49505308270454407,0.38412144780158997,0.5958149433135986,0.474091112613678,0.5152013301849365,1,33,train,0.001
3.888043165206909,2.8565640449523926,0.1816694289445877,0.8498096466064453,0.39299458265304565,0.4727155268192291,0.36756882071495056,0.6159878969192505,0.47582191228866577,0.531475305557251,1,33,train,0.001
3.9338057041168213,2.9128825664520264,0.17146655917167664,0.8494566082954407,0.4288662374019623,0.4777877628803253,0.4066959619522095,0.5986940860748291,0.45752644538879395,0.5433120727539062,1,33,train,0.001
3.948902130126953,3.0332305431365967,0.17373211681842804,0.7419396638870239,0.4186875820159912,0.47499144077301025,0.39455747604370117,0.6682920455932617,0.5160923004150391,0.5606096386909485,1,33,train,0.001
5.1448493003845215,4.118974208831787,0.1863318830728531,0.8395432829856873,0.6547244191169739,0.6851204633712769,0.639176607131958,0.8398750424385071,0.6277502179145813,0.6723275780677795,1,33,val,0.001
5.11078405380249,4.146141529083252,0.15950092673301697,0.8051414489746094,0.6356545090675354,0.7567112445831299,0.6330960392951965,0.8376568555831909,0.638144314289093,0.6448785066604614,1,33,val,0.001
5.072516441345215,4.12730073928833,0.1530023217201233,0.7922136187553406,0.6315014958381653,0.7425152659416199,0.6181300282478333,0.8583287596702576,0.6279547214508057,0.6488704681396484,1,33,val,0.001
5.064211368560791,4.228652477264404,0.14706814289093018,0.6884909868240356,0.6551845669746399,0.7836838364601135,0.625921368598938,0.9006480574607849,0.6290152072906494,0.6341993808746338,1,33,val,0.001
3.7201669216156006,2.7548298835754395,0.1851130872964859,0.7802238464355469,0.3651553690433502,0.4752698838710785,0.3665075898170471,0.5929863452911377,0.4397852420806885,0.5151253938674927,1,34,train,0.001
4.440733432769775,3.3102307319641113,0.27623987197875977,0.8542628288269043,0.4562794864177704,0.5068402290344238,0.5083299279212952,0.6810725927352905,0.591564416885376,0.5661442279815674,1,34,train,0.001
10.341029167175293,9.068347930908203,0.3887949287891388,0.883886456489563,1.1442722082138062,0.712751030921936,3.4645941257476807,0.9480948448181152,1.870450735092163,0.928185224533081,1,34,train,0.001
484606495162368.0,12.401681900024414,484606495162368.0,1.0231400728225708,1.318116307258606,1.3244943618774414,5.5247697830200195,1.1532044410705566,1.4997889995574951,1.5813075304031372,1,34,train,0.001
3.399655694686297e+32,10.353963851928711,3.399655694686297e+32,1.4594565629959106,1.2786978483200073,2.1222152709960938,1.8484606742858887,1.241672158241272,2.3538830280303955,1.5090349912643433,1,34,train,0.001
3.191975955638725e+23,13.82504940032959,3.191975955638725e+23,1.420619249343872,2.2076499462127686,3.802781820297241,1.7234370708465576,1.3959459066390991,2.941359519958496,1.753875494003296,1,34,train,0.001
1.3574694944818304e+25,12.785634994506836,1.3574694944818304e+25,1.3326836824417114,1.2783700227737427,2.337106704711914,1.0740399360656738,1.2251522541046143,4.496615409851074,2.3743505477905273,1,34,train,0.001
4.121907849591815e+22,178.8576202392578,4.121907849591815e+22,1.4016226530075073,7.633772850036621,2.961162805557251,2.4083282947540283,10.86839771270752,128.6162109375,26.369752883911133,1,34,val,0.001
2.04395095032024e+21,122.73780059814453,2.04395095032024e+21,1.312066674232483,5.384023666381836,4.3082475662231445,1.9418399333953857,7.667302131652832,86.84567260742188,16.590713500976562,1,34,val,0.001
inf,108.203369140625,inf,1.321479082107544,4.680152416229248,3.7521395683288574,1.9324588775634766,7.403000831604004,74.0835952758789,16.35202407836914,1,34,val,0.001
2.253218441383117e+16,92.57227325439453,2.253218441383117e+16,1.2303831577301025,4.310415267944336,3.748931884765625,1.5038613080978394,6.145098686218262,62.38613510131836,14.477827072143555,1,34,val,0.001
inf,122.0649642944336,inf,1.3048722743988037,5.132875442504883,4.712983131408691,2.0545051097869873,8.25471019744873,84.94561004638672,16.964277267456055,1,35,train,0.001
,,,,,,,,,,1,35,train,0.001
,,,,,,,,,,1,35,train,0.001
,,,,,,,,,,1,35,train,0.001
,,,,,,,,,,1,35,train,0.001
,,,,,,,,,,1,35,train,0.001
,,,,,,,,,,1,35,train,0.001
,,,,,,,,,,1,35,val,0.001
,,,,,,,,,,1,35,val,0.001
,,,,,,,,,,1,35,val,0.001
,,,,,,,,,,1,35,val,0.001
